depth	min	max	median	mean
33	517	629	583	581
33.5	528	632	594	592
34	539	639	605	602
34.5	551	645	616	613
35	558	658	627	624
35.5	565	673	637	634
36	572	689	647	645
36.5	578	708	657	656
37	583	728	667	666
37.5	589	747	677	677
38	595	766	687	687
38.5	599	787	698	698
39	602	806	708	709
39.5	606	826	718	719
40	607	846	729	730
40.5	609	866	739	741
41	612	886	750	751
41.5	613	907	760	762
42	615	927	770	772
42.5	618	948	780	783
43	620	968	791	794
43.5	654	985	816	819
44	687	1001	841	844
44.5	720	1019	866	869
45	753	1036	891	894
45.5	788	1053	916	919
46	822	1070	941	944
46.5	857	1087	966	969
47	891	1104	991	994
47.5	926	1122	1016	1019
48	959	1140	1041	1044
48.5	991	1159	1066	1069
49	1023	1177	1091	1094
49.5	1054	1196	1116	1119
50	1083	1214	1142	1144
50.5	1113	1234	1168	1169
51	1140	1252	1194	1193
51.5	1167	1271	1219	1218
52	1193	1292	1244	1243
52.5	1218	1315	1269	1268
53	1242	1339	1294	1293
53.5	1260	1341	1299	1300
54	1274	1345	1304	1307
54.5	1283	1350	1309	1313
55	1288	1358	1317	1320
55.5	1291	1372	1325	1327
56	1295	1387	1332	1334
56.5	1297	1400	1339	1340
57	1298	1416	1345	1347
57.5	1299	1433	1350	1354
58	1300	1451	1356	1360
58.5	1302	1469	1362	1367
59	1304	1487	1367	1374
59.5	1305	1506	1372	1380
60	1306	1524	1378	1387
60.5	1307	1544	1384	1394
61	1308	1564	1389	1400
61.5	1308	1582	1395	1407
62	1309	1601	1400	1414
62.5	1310	1619	1405	1420
63	1311	1637	1411	1427
63.5	1317	1645	1419	1434
64	1323	1649	1425	1441
64.5	1328	1654	1432	1448
65	1333	1658	1439	1455
65.5	1337	1665	1446	1462
66	1340	1669	1454	1469
66.5	1343	1680	1461	1475
67	1346	1688	1468	1482
67.5	1349	1699	1474	1489
68	1352	1712	1482	1496
68.5	1355	1725	1488	1503
69	1358	1739	1494	1510
69.5	1360	1753	1500	1517
70	1362	1773	1507	1524
70.5	1364	1795	1514	1531
71	1365	1817	1520	1537
71.5	1367	1841	1526	1544
72	1369	1862	1533	1551
72.5	1370	1880	1539	1558
73	1372	1900	1544	1565
73.5	1381	1906	1553	1572
74	1390	1912	1561	1579
74.5	1399	1913	1568	1586
75	1406	1915	1575	1593
75.5	1410	1918	1583	1600
76	1415	1920	1590	1608
76.5	1420	1925	1598	1615
77	1425	1928	1606	1622
77.5	1428	1930	1615	1629
78	1431	1934	1623	1636
78.5	1434	1936	1631	1643
79	1436	1944	1640	1650
79.5	1439	1951	1647	1657
80	1442	1956	1656	1664
80.5	1445	1961	1663	1671
81	1448	1967	1671	1678
81.5	1452	1980	1678	1685
82	1456	1987	1685	1693
82.5	1459	2001	1693	1700
83	1462	2015	1699	1707
83.5	1471	2017	1704	1714
84	1482	2019	1711	1721
84.5	1488	2021	1717	1728
85	1498	2030	1726	1735
85.5	1503	2036	1732	1741
86	1510	2038	1739	1748
86.5	1513	2044	1747	1755
87	1520	2051	1755	1762
87.5	1526	2058	1762	1769
88	1531	2064	1769	1776
88.5	1533	2073	1777	1783
89	1536	2079	1783	1790
89.5	1541	2085	1791	1797
90	1544	2094	1797	1804
90.5	1549	2109	1805	1811
91	1553	2119	1811	1818
91.5	1556	2127	1819	1825
92	1560	2137	1825	1832
92.5	1563	2148	1832	1839
93	1568	2158	1838	1846
93.5	1576	2160	1845	1852
94	1589	2164	1850	1858
94.5	1599	2166	1856	1863
95	1610	2169	1863	1869
95.5	1617	2172	1869	1875
96	1622	2173	1876	1881
96.5	1629	2176	1882	1887
97	1635	2179	1888	1893
97.5	1642	2184	1895	1899
98	1647	2188	1901	1904
98.5	1654	2191	1908	1910
99	1656	2195	1914	1916
99.5	1661	2202	1920	1922
100	1668	2207	1927	1928
100.5	1671	2213	1934	1934
101	1676	2217	1940	1940
101.5	1679	2224	1945	1945
102	1682	2231	1952	1951
102.5	1686	2236	1958	1957
103	1689	2242	1964	1963
103.5	1700	2244	1970	1969
104	1712	2247	1976	1975
104.5	1719	2252	1983	1981
105	1729	2258	1987	1988
105.5	1737	2263	1993	1994
106	1745	2269	1999	2000
106.5	1753	2276	2005	2006
107	1760	2281	2011	2012
107.5	1767	2285	2017	2018
108	1772	2292	2023	2024
108.5	1779	2296	2029	2031
109	1784	2302	2035	2037
109.5	1790	2312	2041	2043
110	1795	2318	2047	2049
110.5	1801	2330	2053	2055
111	1808	2341	2060	2061
111.5	1813	2350	2064	2067
112	1816	2358	2071	2073
112.5	1820	2366	2078	2080
113	1825	2372	2084	2086
113.5	1835	2377	2089	2091
114	1845	2383	2094	2097
114.5	1855	2387	2099	2103
115	1865	2390	2105	2108
115.5	1877	2394	2110	2114
116	1888	2397	2115	2120
116.5	1898	2400	2120	2125
117	1908	2404	2125	2131
117.5	1917	2408	2130	2137
118	1925	2413	2134	2142
118.5	1935	2417	2140	2148
119	1944	2422	2145	2154
119.5	1953	2427	2151	2159
120	1960	2430	2155	2165
120.5	1969	2433	2161	2171
121	1978	2439	2165	2176
121.5	1984	2445	2171	2182
122	1994	2452	2176	2187
122.5	2002	2460	2181	2193
123	2006	2467	2187	2199
123.5	2011	2472	2192	2204
124	2017	2477	2200	2210
124.5	2022	2482	2206	2216
125	2024	2485	2213	2221
125.5	2027	2488	2220	2227
126	2030	2491	2226	2232
126.5	2034	2498	2232	2238
127	2036	2504	2239	2244
127.5	2040	2508	2246	2249
128	2041	2512	2253	2255
128.5	2045	2516	2259	2261
129	2047	2522	2266	2266
129.5	2048	2525	2272	2272
130	2051	2531	2278	2277
130.5	2054	2541	2285	2283
131	2057	2547	2290	2289
131.5	2059	2558	2296	2294
132	2061	2565	2302	2300
132.5	2063	2573	2306	2305
133	2065	2583	2312	2311
133.5	2068	2588	2317	2316
134	2072	2589	2322	2320
134.5	2076	2595	2326	2325
135	2079	2601	2331	2330
135.5	2084	2605	2336	2335
136	2088	2608	2341	2339
136.5	2093	2612	2345	2344
137	2097	2617	2351	2349
137.5	2100	2621	2355	2353
138	2104	2626	2359	2358
138.5	2107	2633	2364	2363
139	2108	2635	2368	2367
139.5	2111	2638	2371	2372
140	2113	2643	2375	2377
140.5	2117	2649	2380	2381
141	2120	2654	2384	2386
141.5	2120	2661	2388	2391
142	2122	2665	2394	2396
142.5	2125	2672	2399	2400
143	2128	2679	2404	2405
143.5	2129	2681	2408	2408
144	2132	2685	2410	2412
144.5	2137	2688	2414	2415
145	2140	2691	2419	2419
145.5	2143	2694	2423	2422
146	2146	2698	2426	2425
146.5	2151	2703	2430	2429
147	2156	2708	2435	2432
147.5	2158	2715	2438	2435
148	2160	2721	2441	2439
148.5	2162	2725	2445	2442
149	2166	2728	2449	2446
149.5	2167	2730	2453	2449
150	2169	2736	2456	2452
150.5	2171	2741	2459	2456
151	2173	2745	2463	2459
151.5	2177	2750	2466	2463
152	2180	2752	2469	2466
152.5	2183	2759	2472	2469
153	2186	2763	2476	2473
153.5	2189	2767	2479	2476
154	2192	2768	2482	2479
154.5	2195	2769	2485	2482
155	2199	2775	2488	2485
155.5	2203	2779	2491	2489
156	2207	2783	2495	2492
156.5	2209	2786	2498	2495
157	2212	2788	2500	2498
157.5	2215	2795	2503	2501
158	2220	2798	2506	2504
158.5	2223	2800	2510	2507
159	2224	2802	2514	2511
159.5	2226	2807	2517	2514
160	2229	2809	2520	2517
160.5	2231	2811	2523	2520
161	2233	2818	2527	2523
161.5	2236	2819	2530	2526
162	2240	2819	2533	2530
162.5	2242	2822	2536	2533
163	2245	2825	2538	2536
163.5	2247	2830	2542	2539
164	2251	2835	2545	2543
164.5	2255	2837	2548	2546
165	2258	2839	2551	2550
165.5	2261	2844	2555	2553
166	2266	2848	2558	2557
166.5	2269	2850	2561	2560
167	2273	2851	2565	2564
167.5	2276	2853	2569	2567
168	2280	2855	2572	2570
168.5	2285	2858	2576	2574
169	2288	2862	2580	2577
169.5	2289	2868	2583	2581
170	2291	2871	2586	2584
170.5	2295	2873	2590	2588
171	2296	2879	2593	2591
171.5	2298	2883	2597	2595
172	2300	2887	2600	2598
172.5	2304	2889	2604	2602
173	2307	2892	2608	2605
173.5	2309	2894	2611	2608
174	2314	2896	2614	2611
174.5	2316	2897	2617	2615
175	2321	2900	2620	2618
175.5	2324	2904	2623	2621
176	2332	2910	2625	2624
176.5	2335	2911	2628	2628
177	2340	2913	2631	2631
177.5	2344	2915	2635	2634
178	2346	2919	2640	2637
178.5	2350	2924	2643	2640
179	2354	2925	2646	2644
179.5	2357	2928	2649	2647
180	2361	2931	2652	2650
180.5	2364	2933	2655	2653
181	2367	2938	2657	2657
181.5	2371	2943	2660	2660
182	2375	2948	2663	2663
182.5	2378	2950	2667	2666
183	2381	2956	2670	2669
183.5	2386	2957	2673	2673
184	2390	2959	2676	2676
184.5	2391	2960	2680	2679
185	2397	2963	2682	2682
185.5	2399	2967	2686	2685
186	2403	2968	2688	2688
186.5	2406	2969	2691	2691
187	2411	2970	2694	2694
187.5	2415	2974	2697	2697
188	2418	2976	2700	2701
188.5	2421	2977	2703	2704
189	2425	2981	2706	2707
189.5	2428	2983	2710	2710
190	2431	2986	2713	2713
190.5	2434	2989	2717	2716
191	2437	2993	2721	2719
191.5	2441	2994	2724	2722
192	2443	2996	2727	2725
192.5	2444	2998	2730	2728
193	2447	3002	2733	2732
193.5	2452	3004	2736	2735
194	2456	3010	2739	2738
194.5	2459	3015	2742	2741
195	2463	3017	2746	2744
195.5	2467	3019	2749	2747
196	2471	3021	2752	2750
196.5	2472	3024	2755	2754
197	2475	3027	2758	2757
197.5	2478	3028	2761	2760
198	2480	3030	2763	2763
198.5	2485	3036	2767	2766
199	2488	3038	2769	2769
199.5	2490	3042	2772	2773
200	2494	3046	2776	2776
200.5	2497	3048	2779	2779
201	2499	3051	2783	2782
201.5	2502	3059	2785	2785
202	2506	3064	2788	2788
202.5	2509	3070	2792	2792
203	2512	3073	2795	2795
203.5	2514	3076	2798	2798
204	2520	3076	2801	2801
204.5	2522	3078	2804	2804
205	2527	3082	2807	2807
205.5	2529	3085	2810	2810
206	2532	3088	2813	2813
206.5	2535	3089	2816	2816
207	2540	3091	2819	2819
207.5	2544	3092	2822	2822
208	2548	3095	2826	2825
208.5	2553	3096	2829	2829
209	2555	3100	2832	2832
209.5	2559	3101	2835	2835
210	2562	3105	2838	2838
210.5	2564	3107	2841	2841
211	2567	3109	2844	2844
211.5	2570	3111	2847	2847
212	2574	3114	2851	2850
212.5	2577	3116	2854	2853
213	2580	3118	2858	2856
213.5	2583	3121	2861	2860
214	2587	3123	2864	2863
214.5	2591	3126	2868	2866
215	2597	3130	2871	2870
215.5	2600	3132	2875	2873
216	2601	3135	2877	2876
216.5	2605	3137	2881	2880
217	2608	3139	2885	2883
217.5	2611	3142	2888	2886
218	2613	3144	2891	2890
218.5	2615	3146	2895	2893
219	2618	3148	2899	2896
219.5	2620	3150	2902	2900
220	2623	3152	2906	2903
220.5	2626	3157	2910	2906
221	2630	3159	2914	2910
221.5	2632	3163	2917	2913
222	2636	3166	2921	2916
222.5	2639	3170	2925	2920
223	2640	3175	2929	2923
223.5	2645	3177	2932	2926
224	2651	3178	2935	2930
224.5	2656	3179	2938	2933
225	2660	3180	2942	2936
225.5	2663	3182	2945	2939
226	2668	3184	2949	2943
226.5	2672	3186	2952	2946
227	2676	3187	2955	2949
227.5	2679	3189	2959	2953
228	2681	3191	2962	2956
228.5	2686	3192	2965	2959
229	2689	3194	2968	2962
229.5	2693	3197	2972	2966
230	2696	3198	2976	2969
230.5	2700	3200	2979	2972
231	2704	3202	2983	2976
231.5	2708	3203	2988	2979
232	2710	3205	2991	2982
232.5	2713	3207	2995	2985
233	2716	3210	2998	2989
233.5	2722	3211	3002	2992
234	2731	3213	3005	2995
234.5	2734	3216	3008	2998
235	2739	3218	3011	3001
235.5	2745	3221	3013	3004
236	2750	3224	3016	3007
236.5	2755	3225	3019	3010
237	2757	3227	3021	3013
237.5	2763	3230	3024	3016
238	2766	3233	3028	3020
238.5	2768	3235	3030	3023
239	2775	3238	3034	3026
239.5	2778	3240	3037	3029
240	2781	3244	3040	3032
240.5	2785	3246	3043	3035
241	2792	3248	3046	3038
241.5	2795	3250	3048	3041
242	2797	3254	3051	3044
242.5	2799	3257	3054	3047
243	2804	3261	3057	3050
243.5	2807	3262	3060	3054
244	2811	3265	3064	3057
244.5	2814	3266	3067	3061
245	2816	3269	3071	3064
245.5	2822	3270	3074	3067
246	2828	3272	3078	3071
246.5	2833	3275	3082	3074
247	2838	3278	3086	3077
247.5	2841	3282	3090	3081
248	2844	3284	3093	3084
248.5	2848	3287	3097	3087
249	2852	3291	3100	3091
249.5	2856	3295	3104	3094
250	2856	3298	3107	3097
250.5	2857	3301	3110	3101
251	2858	3305	3113	3104
251.5	2864	3309	3115	3108
252	2865	3312	3118	3111
252.5	2868	3317	3120	3114
253	2871	3321	3123	3118
253.5	2878	3322	3127	3121
254	2883	3324	3130	3125
254.5	2892	3325	3134	3128
255	2899	3326	3137	3132
255.5	2906	3327	3140	3135
256	2911	3328	3143	3139
256.5	2918	3330	3147	3142
257	2926	3333	3151	3146
257.5	2932	3336	3154	3150
258	2937	3339	3158	3153
258.5	2941	3340	3162	3157
259	2945	3343	3166	3160
259.5	2950	3346	3170	3164
260	2953	3348	3173	3167
260.5	2958	3349	3177	3171
261	2961	3351	3181	3174
261.5	2964	3355	3184	3178
262	2968	3358	3188	3181
262.5	2972	3361	3192	3185
263	2975	3366	3195	3189
263.5	2981	3368	3199	3192
264	2990	3369	3202	3195
264.5	2996	3371	3204	3198
265	3003	3372	3208	3202
265.5	3008	3374	3211	3205
266	3015	3375	3214	3208
266.5	3021	3378	3218	3211
267	3027	3379	3221	3215
267.5	3031	3381	3224	3218
268	3037	3382	3228	3221
268.5	3042	3384	3231	3225
269	3046	3386	3234	3228
269.5	3049	3387	3238	3231
270	3052	3391	3241	3234
270.5	3054	3392	3244	3238
271	3058	3394	3248	3241
271.5	3061	3398	3251	3244
272	3062	3404	3255	3247
272.5	3064	3406	3259	3251
273	3066	3410	3262	3254
273.5	3073	3412	3266	3257
274	3079	3413	3269	3261
274.5	3085	3414	3273	3264
275	3091	3416	3276	3268
275.5	3097	3419	3279	3271
276	3103	3421	3282	3274
276.5	3109	3423	3285	3278
277	3115	3424	3289	3281
277.5	3121	3426	3292	3285
278	3126	3427	3296	3288
278.5	3130	3429	3299	3291
279	3134	3430	3302	3295
279.5	3137	3432	3305	3298
280	3139	3435	3309	3302
280.5	3141	3439	3313	3305
281	3144	3441	3316	3308
281.5	3147	3445	3319	3312
282	3148	3447	3323	3315
282.5	3150	3452	3326	3319
283	3152	3455	3330	3322
283.5	3160	3457	3332	3325
284	3170	3458	3335	3328
284.5	3175	3460	3338	3332
285	3183	3462	3341	3335
285.5	3189	3464	3344	3338
286	3195	3466	3347	3341
286.5	3199	3468	3350	3345
287	3203	3470	3353	3348
287.5	3209	3472	3355	3351
288	3212	3474	3359	3354
288.5	3217	3475	3362	3358
289	3221	3478	3365	3361
289.5	3225	3483	3368	3364
290	3229	3486	3371	3367
290.5	3233	3488	3374	3371
291	3236	3490	3378	3374
291.5	3239	3494	3381	3377
292	3242	3496	3384	3380
292.5	3245	3499	3387	3384
293	3248	3504	3391	3387
293.5	3254	3506	3394	3390
294	3259	3508	3397	3394
294.5	3264	3510	3400	3397
295	3268	3513	3404	3401
295.5	3272	3515	3407	3404
296	3276	3518	3411	3407
296.5	3279	3520	3414	3411
297	3284	3523	3418	3414
297.5	3287	3526	3421	3418
298	3290	3528	3425	3421
298.5	3292	3531	3428	3425
299	3296	3534	3431	3428
299.5	3299	3538	3435	3432
300	3301	3542	3438	3435
300.5	3303	3546	3442	3439
301	3306	3550	3445	3442
301.5	3308	3555	3448	3445
302	3309	3561	3450	3449
302.5	3313	3568	3454	3452
303	3317	3575	3457	3456
303.5	3322	3577	3460	3459
304	3327	3579	3463	3462
304.5	3333	3580	3466	3465
305	3337	3582	3469	3468
305.5	3342	3585	3472	3471
306	3347	3586	3475	3474
306.5	3352	3588	3478	3478
307	3358	3590	3481	3481
307.5	3360	3592	3485	3484
308	3365	3594	3488	3487
308.5	3369	3597	3492	3490
309	3372	3599	3495	3493
309.5	3377	3603	3498	3496
310	3378	3606	3501	3499
310.5	3382	3609	3505	3503
311	3385	3613	3508	3506
311.5	3387	3617	3511	3509
312	3390	3621	3514	3512
312.5	3392	3623	3518	3515
313	3394	3627	3521	3518
313.5	3400	3628	3523	3521
314	3408	3629	3526	3525
314.5	3414	3630	3529	3528
315	3420	3631	3532	3531
315.5	3426	3633	3535	3534
316	3431	3635	3538	3538
316.5	3436	3638	3541	3541
317	3440	3640	3544	3544
317.5	3447	3641	3548	3548
318	3452	3642	3551	3551
318.5	3456	3644	3555	3554
319	3460	3646	3558	3557
319.5	3464	3649	3561	3561
320	3466	3651	3565	3564
320.5	3469	3653	3568	3567
321	3472	3655	3572	3570
321.5	3475	3658	3576	3574
322	3476	3661	3579	3577
322.5	3479	3665	3583	3580
323	3481	3668	3586	3584
323.5	3489	3669	3587	3587
324	3496	3671	3590	3590
324.5	3502	3672	3593	3593
325	3509	3673	3595	3595
325.5	3517	3674	3598	3598
326	3524	3675	3601	3601
326.5	3530	3676	3604	3604
327	3538	3677	3606	3607
327.5	3544	3678	3609	3610
328	3551	3680	3612	3613
328.5	3557	3682	3615	3616
329	3562	3684	3618	3619
329.5	3567	3686	3621	3622
330	3572	3687	3624	3625
330.5	3574	3690	3627	3628
331	3576	3693	3630	3631
331.5	3578	3696	3634	3634
332	3579	3700	3637	3637
332.5	3581	3704	3640	3640
333	3583	3708	3643	3643
333.5	3586	3711	3646	3647
334	3591	3715	3649	3650
334.5	3594	3718	3653	3653
335	3596	3722	3656	3657
335.5	3600	3728	3659	3660
336	3601	3731	3663	3663
336.5	3603	3736	3667	3667
337	3606	3743	3671	3670
337.5	3608	3747	3674	3673
338	3609	3752	3678	3677
338.5	3611	3757	3681	3680
339	3613	3762	3684	3683
339.5	3615	3767	3687	3686
340	3617	3772	3690	3690
340.5	3619	3781	3693	3693
341	3621	3785	3695	3696
341.5	3622	3794	3698	3700
342	3624	3802	3701	3703
342.5	3626	3810	3703	3706
343	3627	3816	3706	3710
343.5	3631	3822	3710	3714
344	3635	3828	3715	3719
344.5	3639	3832	3719	3724
345	3642	3838	3724	3729
345.5	3646	3847	3727	3733
346	3649	3855	3731	3738
346.5	3651	3864	3736	3743
347	3653	3875	3740	3747
347.5	3655	3886	3744	3752
348	3657	3896	3748	3757
348.5	3660	3907	3752	3762
349	3661	3920	3755	3766
349.5	3663	3931	3759	3771
350	3665	3944	3763	3776
350.5	3667	3956	3767	3780
351	3669	3967	3771	3785
351.5	3671	3978	3775	3790
352	3671	3990	3779	3794
352.5	3672	4002	3782	3799
353	3673	4016	3786	3804
353.5	3678	4019	3790	3808
354	3681	4024	3795	3813
354.5	3685	4030	3800	3817
355	3688	4034	3805	3822
355.5	3691	4039	3809	3826
356	3694	4044	3814	3830
356.5	3696	4048	3818	3835
357	3698	4052	3823	3839
357.5	3701	4058	3827	3844
358	3704	4065	3832	3848
358.5	3706	4069	3836	3852
359	3708	4076	3839	3857
359.5	3711	4085	3844	3861
360	3712	4092	3848	3866
360.5	3714	4102	3852	3870
361	3715	4110	3855	3875
361.5	3717	4118	3859	3879
362	3719	4129	3862	3883
362.5	3721	4138	3865	3888
363	3722	4149	3869	3892
363.5	3726	4153	3873	3896
364	3730	4156	3877	3900
364.5	3732	4161	3881	3904
365	3735	4165	3885	3908
365.5	3738	4167	3889	3912
366	3741	4172	3894	3916
366.5	3744	4177	3899	3920
367	3747	4182	3903	3924
367.5	3751	4186	3907	3928
368	3754	4191	3911	3932
368.5	3757	4195	3915	3936
369	3759	4201	3920	3940
369.5	3761	4206	3923	3944
370	3765	4208	3927	3948
370.5	3767	4213	3931	3952
371	3768	4219	3935	3956
371.5	3771	4223	3940	3960
372	3772	4229	3944	3963
372.5	3774	4238	3949	3967
373	3777	4242	3953	3971
373.5	3780	4245	3958	3976
374	3783	4248	3962	3980
374.5	3788	4254	3965	3984
375	3792	4260	3970	3988
375.5	3795	4264	3974	3992
376	3798	4274	3979	3997
376.5	3800	4278	3983	4001
377	3802	4286	3987	4005
377.5	3805	4293	3991	4009
378	3807	4299	3995	4014
378.5	3810	4304	3999	4018
379	3812	4312	4003	4022
379.5	3814	4320	4008	4026
380	3815	4324	4012	4030
380.5	3816	4328	4016	4035
381	3819	4338	4020	4039
381.5	3822	4343	4024	4043
382	3823	4348	4029	4047
382.5	3825	4355	4033	4051
383	3827	4360	4037	4056
383.5	3832	4365	4041	4060
384	3835	4370	4045	4064
384.5	3838	4378	4049	4068
385	3840	4385	4052	4073
385.5	3845	4392	4056	4077
386	3848	4400	4061	4081
386.5	3852	4405	4064	4085
387	3854	4413	4069	4089
387.5	3858	4421	4073	4094
388	3861	4425	4078	4098
388.5	3863	4429	4083	4102
389	3864	4435	4088	4106
389.5	3867	4441	4093	4111
390	3870	4450	4096	4115
390.5	3873	4456	4101	4119
391	3874	4459	4105	4123
391.5	3877	4466	4108	4127
392	3879	4467	4112	4132
392.5	3881	4471	4117	4136
393	3882	4477	4120	4140
393.5	3884	4477	4125	4145
394	3889	4481	4130	4150
394.5	3896	4486	4135	4154
395	3902	4490	4140	4159
395.5	3903	4494	4147	4164
396	3906	4498	4153	4168
396.5	3910	4502	4158	4173
397	3915	4506	4164	4178
397.5	3918	4511	4170	4182
398	3919	4517	4175	4187
398.5	3921	4521	4181	4192
399	3922	4524	4185	4196
399.5	3925	4529	4191	4201
400	3927	4542	4196	4206
400.5	3929	4552	4202	4210
401	3934	4561	4205	4215
401.5	3937	4569	4210	4220
402	3941	4583	4214	4225
402.5	3943	4598	4218	4229
403	3945	4609	4222	4234
403.5	3951	4612	4227	4240
404	3953	4618	4234	4246
404.5	3956	4621	4239	4253
405	3960	4627	4246	4259
405.5	3964	4633	4251	4265
406	3969	4638	4257	4271
406.5	3974	4647	4263	4277
407	3979	4656	4267	4284
407.5	3981	4667	4272	4290
408	3984	4677	4279	4296
408.5	3992	4689	4286	4302
409	3998	4696	4292	4309
409.5	4000	4706	4298	4315
410	4004	4717	4304	4321
410.5	4007	4729	4310	4327
411	4010	4742	4314	4333
411.5	4014	4756	4322	4340
412	4017	4771	4327	4346
412.5	4020	4780	4334	4352
413	4024	4790	4340	4358
413.5	4037	4797	4349	4367
414	4051	4808	4359	4376
414.5	4062	4814	4368	4384
415	4074	4819	4376	4393
415.5	4087	4827	4387	4401
416	4096	4833	4396	4410
416.5	4101	4840	4404	4419
417	4111	4846	4413	4427
417.5	4119	4855	4425	4436
418	4122	4861	4433	4445
418.5	4128	4865	4443	4453
419	4134	4872	4450	4462
419.5	4138	4877	4459	4470
420	4144	4890	4468	4479
420.5	4147	4899	4478	4488
421	4150	4911	4487	4496
421.5	4153	4923	4495	4505
422	4155	4935	4504	4514
422.5	4158	4946	4512	4522
423	4161	4954	4523	4531
423.5	4177	4957	4529	4538
424	4191	4961	4535	4545
424.5	4202	4967	4544	4552
425	4211	4972	4551	4559
425.5	4219	4977	4559	4566
426	4226	4983	4566	4573
426.5	4236	4992	4572	4580
427	4244	4999	4580	4588
427.5	4255	5005	4586	4595
428	4262	5015	4595	4602
428.5	4269	5020	4601	4609
429	4275	5029	4609	4616
429.5	4279	5035	4616	4623
430	4285	5042	4624	4630
430.5	4292	5048	4631	4637
431	4296	5060	4638	4644
431.5	4301	5068	4644	4651
432	4304	5073	4650	4658
432.5	4307	5078	4657	4665
433	4311	5086	4663	4672
433.5	4318	5088	4669	4678
434	4325	5092	4676	4684
434.5	4329	5095	4684	4690
435	4334	5098	4691	4696
435.5	4336	5100	4699	4702
436	4340	5105	4706	4708
436.5	4347	5109	4711	4714
437	4351	5112	4717	4720
437.5	4356	5116	4723	4726
438	4361	5121	4730	4732
438.5	4366	5127	4736	4738
439	4371	5131	4744	4744
439.5	4375	5137	4750	4750
440	4380	5142	4755	4756
440.5	4382	5148	4761	4762
441	4386	5154	4766	4768
441.5	4388	5160	4772	4774
442	4391	5167	4781	4780
442.5	4395	5173	4786	4786
443	4396	5181	4794	4792
443.5	4409	5185	4800	4801
444	4421	5188	4807	4809
444.5	4436	5191	4814	4817
445	4453	5196	4821	4826
445.5	4469	5201	4828	4834
446	4478	5206	4836	4843
446.5	4492	5210	4845	4851
447	4503	5216	4854	4860
447.5	4513	5223	4863	4868
448	4520	5231	4871	4876
448.5	4527	5238	4880	4885
449	4538	5245	4889	4893
449.5	4549	5253	4899	4902
450	4555	5261	4906	4910
450.5	4563	5270	4915	4919
451	4567	5278	4925	4927
451.5	4572	5287	4934	4935
452	4580	5297	4942	4944
452.5	4587	5307	4951	4952
453	4601	5318	4960	4961
453.5	4606	5322	4966	4967
454	4614	5325	4972	4973
454.5	4618	5329	4979	4979
455	4626	5334	4986	4985
455.5	4631	5338	4993	4991
456	4635	5342	5000	4997
456.5	4643	5347	5007	5004
457	4652	5352	5014	5010
457.5	4657	5359	5021	5016
458	4659	5362	5027	5022
458.5	4666	5365	5033	5028
459	4669	5370	5040	5034
459.5	4673	5374	5047	5040
460	4675	5379	5054	5046
460.5	4676	5383	5061	5053
461	4680	5390	5067	5059
461.5	4685	5394	5074	5065
462	4686	5398	5080	5071
462.5	4694	5401	5086	5077
463	4699	5406	5092	5083
463.5	4706	5409	5099	5091
464	4714	5412	5107	5098
464.5	4724	5415	5116	5105
465	4733	5419	5125	5113
465.5	4743	5422	5133	5120
466	4752	5426	5142	5127
466.5	4759	5430	5149	5135
467	4767	5433	5156	5142
467.5	4775	5437	5165	5150
468	4782	5439	5172	5157
468.5	4790	5445	5180	5164
469	4797	5448	5188	5172
469.5	4800	5451	5195	5179
470	4808	5455	5202	5187
470.5	4812	5461	5210	5194
471	4820	5469	5217	5201
471.5	4824	5477	5226	5209
472	4826	5486	5234	5216
472.5	4831	5497	5241	5223
473	4836	5505	5249	5231
473.5	4847	5506	5256	5238
474	4854	5508	5263	5245
474.5	4864	5509	5269	5252
475	4874	5512	5277	5259
475.5	4889	5514	5285	5266
476	4907	5516	5292	5273
476.5	4925	5519	5298	5281
477	4931	5521	5305	5288
477.5	4937	5524	5313	5295
478	4946	5526	5321	5302
478.5	4958	5529	5328	5309
479	4965	5531	5335	5316
479.5	4975	5533	5345	5323
480	4979	5534	5352	5330
480.5	4983	5537	5359	5338
481	4987	5541	5368	5345
481.5	4994	5545	5375	5352
482	5000	5551	5383	5359
482.5	5010	5558	5390	5366
483	5016	5565	5398	5373
483.5	5036	5566	5404	5380
484	5058	5567	5411	5387
484.5	5081	5569	5416	5394
485	5099	5570	5423	5401
485.5	5118	5571	5429	5407
486	5132	5572	5434	5414
486.5	5143	5574	5440	5421
487	5153	5575	5446	5428
487.5	5164	5576	5454	5435
488	5175	5578	5460	5442
488.5	5186	5579	5467	5449
489	5196	5581	5475	5455
489.5	5203	5584	5483	5462
490	5210	5586	5491	5469
490.5	5214	5589	5499	5476
491	5219	5593	5508	5483
491.5	5222	5597	5517	5490
492	5228	5601	5524	5497
492.5	5231	5607	5532	5504
493	5237	5614	5539	5510
493.5	5254	5615	5542	5515
494	5271	5616	5546	5520
494.5	5288	5617	5549	5524
495	5305	5619	5553	5529
495.5	5322	5621	5557	5534
496	5340	5622	5560	5538
496.5	5358	5623	5564	5543
497	5376	5625	5567	5547
497.5	5393	5626	5571	5552
498	5410	5628	5574	5557
498.5	5427	5629	5577	5561
499	5444	5630	5581	5566
499.5	5461	5632	5584	5571
500	5477	5634	5588	5575
500.5	5488	5636	5591	5580
501	5493	5638	5594	5585
501.5	5497	5640	5596	5589
502	5499	5643	5597	5594
502.5	5502	5645	5599	5598
503	5504	5650	5601	5603
503.5	5506	5651	5603	5605
504	5508	5652	5604	5606
504.5	5510	5653	5605	5608
505	5511	5654	5606	5609
505.5	5513	5656	5608	5611
506	5515	5657	5609	5613
506.5	5517	5659	5611	5614
507	5520	5661	5613	5616
507.5	5521	5663	5615	5617
508	5523	5666	5617	5619
508.5	5525	5669	5619	5621
509	5526	5672	5621	5622
509.5	5528	5675	5623	5624
510	5531	5679	5625	5625
510.5	5532	5682	5627	5627
511	5533	5685	5629	5629
511.5	5534	5689	5630	5630
512	5535	5693	5632	5632
512.5	5537	5696	5633	5633
513	5539	5700	5635	5635
513.5	5542	5701	5637	5637
514	5545	5703	5638	5638
514.5	5549	5704	5640	5640
515	5551	5705	5642	5642
515.5	5554	5706	5644	5643
516	5557	5707	5646	5645
516.5	5560	5708	5647	5647
517	5563	5709	5649	5649
517.5	5566	5711	5651	5650
518	5570	5712	5653	5652
518.5	5573	5714	5655	5654
519	5576	5715	5657	5655
519.5	5578	5717	5658	5657
520	5581	5719	5660	5659
520.5	5584	5720	5662	5660
521	5586	5723	5664	5662
521.5	5589	5725	5666	5664
522	5591	5727	5667	5666
522.5	5593	5729	5669	5667
523	5595	5732	5670	5669
523.5	5598	5733	5672	5671
524	5600	5734	5674	5672
524.5	5602	5736	5675	5674
525	5603	5737	5677	5676
525.5	5605	5739	5679	5678
526	5608	5741	5681	5679
526.5	5609	5742	5682	5681
527	5610	5744	5685	5683
527.5	5611	5745	5686	5684
528	5612	5748	5688	5686
528.5	5613	5751	5690	5688
529	5615	5754	5692	5689
529.5	5616	5756	5694	5691
530	5617	5760	5695	5693
530.5	5619	5763	5697	5695
531	5620	5766	5699	5696
531.5	5621	5769	5700	5698
532	5622	5773	5701	5700
532.5	5622	5777	5703	5701
533	5623	5781	5704	5703
533.5	5625	5782	5706	5705
534	5627	5784	5708	5707
534.5	5628	5786	5710	5708
535	5630	5787	5711	5710
535.5	5631	5790	5713	5712
536	5632	5792	5715	5713
536.5	5634	5795	5717	5715
537	5635	5798	5718	5717
537.5	5636	5801	5720	5719
538	5637	5804	5722	5720
538.5	5638	5807	5723	5722
539	5640	5809	5725	5724
539.5	5641	5812	5726	5725
540	5641	5815	5728	5727
540.5	5642	5819	5729	5729
541	5643	5822	5731	5731
541.5	5644	5825	5732	5732
542	5645	5829	5733	5734
542.5	5647	5833	5734	5736
543	5648	5837	5736	5737
543.5	5650	5839	5738	5739
544	5652	5840	5739	5741
544.5	5655	5842	5741	5743
545	5657	5845	5743	5745
545.5	5659	5848	5744	5747
546	5661	5850	5746	5749
546.5	5662	5854	5748	5750
547	5663	5858	5750	5752
547.5	5664	5863	5751	5754
548	5665	5866	5753	5756
548.5	5667	5871	5754	5758
549	5668	5873	5756	5760
549.5	5669	5877	5758	5761
550	5670	5882	5759	5763
550.5	5671	5887	5761	5765
551	5672	5892	5763	5767
551.5	5673	5897	5764	5769
552	5674	5903	5766	5771
552.5	5675	5907	5767	5773
553	5676	5911	5769	5774
553.5	5680	5913	5770	5776
554	5682	5915	5772	5778
554.5	5684	5917	5773	5780
555	5685	5919	5775	5782
555.5	5688	5922	5776	5783
556	5690	5923	5778	5785
556.5	5693	5926	5780	5787
557	5695	5927	5781	5789
557.5	5696	5928	5783	5790
558	5698	5930	5785	5792
558.5	5699	5933	5786	5794
559	5701	5936	5788	5796
559.5	5702	5938	5790	5797
560	5703	5942	5791	5799
560.5	5705	5946	5793	5801
561	5706	5950	5794	5803
561.5	5707	5954	5796	5805
562	5708	5957	5798	5806
562.5	5709	5961	5799	5808
563	5711	5966	5801	5810
563.5	5712	5968	5803	5812
564	5715	5970	5804	5813
564.5	5717	5973	5806	5815
565	5719	5976	5807	5817
565.5	5720	5977	5809	5819
566	5723	5979	5811	5821
566.5	5725	5982	5812	5822
567	5726	5986	5814	5824
567.5	5728	5988	5816	5826
568	5729	5990	5818	5828
568.5	5731	5993	5819	5830
569	5732	5996	5821	5831
569.5	5733	5999	5823	5833
570	5735	6002	5824	5835
570.5	5736	6004	5826	5837
571	5736	6006	5828	5838
571.5	5737	6011	5830	5840
572	5738	6014	5831	5842
572.5	5740	6019	5833	5844
573	5741	6022	5835	5846
573.5	5743	6024	5836	5847
574	5746	6028	5838	5849
574.5	5748	6032	5839	5851
575	5751	6036	5841	5853
575.5	5753	6040	5843	5855
576	5755	6044	5844	5857
576.5	5758	6047	5846	5859
577	5760	6052	5847	5860
577.5	5762	6054	5849	5862
578	5763	6057	5850	5864
578.5	5766	6059	5852	5866
579	5767	6064	5853	5868
579.5	5768	6067	5855	5870
580	5769	6069	5857	5871
580.5	5771	6072	5858	5873
581	5772	6074	5860	5875
581.5	5774	6077	5861	5877
582	5775	6080	5863	5879
582.5	5775	6084	5864	5881
583	5776	6088	5866	5883
583.5	5781	6092	5868	5885
584	5785	6095	5869	5887
584.5	5789	6097	5871	5889
585	5792	6100	5872	5891
585.5	5795	6102	5874	5893
586	5797	6105	5876	5895
586.5	5800	6108	5877	5897
587	5801	6110	5879	5899
587.5	5804	6113	5880	5901
588	5807	6117	5882	5903
588.5	5809	6123	5884	5905
589	5811	6128	5885	5907
589.5	5812	6136	5887	5909
590	5815	6139	5889	5912
590.5	5816	6141	5891	5914
591	5817	6144	5893	5916
591.5	5819	6148	5895	5918
592	5820	6153	5897	5920
592.5	5822	6155	5899	5922
593	5824	6158	5901	5924
593.5	5828	6161	5904	5928
594	5831	6165	5908	5931
594.5	5834	6169	5911	5935
595	5837	6172	5915	5938
595.5	5840	6175	5919	5942
596	5841	6178	5923	5946
596.5	5844	6181	5927	5949
597	5847	6187	5930	5953
597.5	5848	6192	5934	5956
598	5850	6195	5938	5960
598.5	5852	6200	5941	5963
599	5854	6203	5945	5967
599.5	5855	6207	5949	5971
600	5857	6211	5953	5974
600.5	5859	6215	5956	5978
601	5860	6220	5960	5981
601.5	5861	6222	5964	5985
602	5863	6224	5968	5989
602.5	5864	6227	5972	5992
603	5865	6230	5975	5996
603.5	5869	6234	5979	5999
604	5873	6239	5982	6003
604.5	5877	6242	5986	6006
605	5881	6244	5990	6009
605.5	5886	6246	5993	6013
606	5888	6249	5996	6016
606.5	5891	6252	6000	6020
607	5893	6253	6004	6023
607.5	5896	6257	6008	6026
608	5898	6261	6011	6030
608.5	5900	6264	6016	6033
609	5901	6270	6020	6037
609.5	5903	6273	6024	6040
610	5905	6277	6028	6043
610.5	5907	6280	6031	6047
611	5909	6282	6034	6050
611.5	5910	6285	6038	6054
612	5912	6287	6042	6057
612.5	5913	6291	6045	6060
613	5915	6296	6048	6064
613.5	5919	6300	6052	6067
614	5924	6302	6056	6071
614.5	5928	6303	6060	6075
615	5930	6304	6063	6078
615.5	5933	6306	6066	6082
616	5936	6309	6070	6085
616.5	5940	6312	6074	6089
617	5942	6316	6078	6093
617.5	5945	6318	6082	6096
618	5948	6323	6086	6100
618.5	5949	6327	6090	6103
619	5952	6332	6094	6107
619.5	5954	6337	6098	6111
620	5957	6344	6102	6114
620.5	5958	6346	6105	6118
621	5960	6349	6109	6122
621.5	5961	6355	6112	6125
622	5962	6358	6116	6129
622.5	5963	6364	6120	6132
623	5964	6373	6124	6136
623.5	5969	6375	6127	6140
624	5974	6376	6131	6143
624.5	5980	6377	6135	6147
625	5984	6378	6138	6150
625.5	5987	6382	6142	6154
626	5990	6386	6146	6157
626.5	5992	6388	6150	6161
627	5995	6391	6153	6164
627.5	5997	6395	6157	6168
628	5999	6398	6161	6172
628.5	6002	6399	6165	6175
629	6003	6403	6169	6179
629.5	6005	6409	6171	6182
630	6006	6410	6176	6186
630.5	6008	6415	6180	6189
631	6010	6419	6184	6193
631.5	6012	6424	6188	6196
632	6013	6428	6193	6200
632.5	6014	6431	6197	6204
633	6016	6438	6201	6207
633.5	6021	6441	6205	6211
634	6026	6443	6209	6214
634.5	6031	6446	6212	6218
635	6034	6448	6215	6221
635.5	6037	6450	6219	6225
636	6040	6452	6222	6229
636.5	6044	6455	6226	6232
637	6046	6456	6230	6236
637.5	6047	6459	6234	6239
638	6049	6461	6238	6243
638.5	6051	6466	6242	6246
639	6053	6469	6245	6250
639.5	6056	6474	6249	6254
640	6058	6478	6252	6257
640.5	6059	6482	6257	6261
641	6063	6487	6261	6264
641.5	6065	6491	6265	6268
642	6067	6496	6269	6271
642.5	6069	6503	6272	6275
643	6072	6510	6276	6278
643.5	6077	6512	6280	6282
644	6083	6514	6282	6286
644.5	6088	6516	6286	6289
645	6092	6519	6289	6293
645.5	6097	6523	6294	6297
646	6106	6526	6297	6300
646.5	6108	6528	6302	6304
647	6110	6531	6306	6308
647.5	6115	6535	6310	6311
648	6118	6538	6314	6315
648.5	6122	6543	6317	6319
649	6127	6547	6321	6322
649.5	6129	6550	6325	6326
650	6131	6554	6328	6329
650.5	6133	6559	6332	6333
651	6138	6561	6336	6337
651.5	6139	6564	6340	6340
652	6143	6568	6343	6344
652.5	6145	6573	6347	6348
653	6146	6577	6350	6351
653.5	6153	6579	6355	6355
654	6160	6581	6358	6359
654.5	6163	6584	6361	6363
655	6170	6586	6365	6366
655.5	6174	6589	6370	6370
656	6177	6591	6374	6374
656.5	6181	6593	6377	6377
657	6187	6596	6381	6381
657.5	6189	6599	6385	6385
658	6192	6603	6389	6389
658.5	6196	6605	6393	6392
659	6198	6608	6397	6396
659.5	6200	6611	6401	6400
660	6203	6613	6405	6403
660.5	6204	6616	6409	6407
661	6205	6620	6412	6411
661.5	6209	6624	6416	6415
662	6212	6628	6419	6418
662.5	6215	6631	6422	6422
663	6217	6636	6426	6426
663.5	6222	6639	6430	6430
664	6227	6642	6434	6433
664.5	6231	6644	6437	6437
665	6235	6646	6441	6441
665.5	6241	6649	6445	6445
666	6246	6654	6448	6449
666.5	6250	6659	6453	6452
667	6254	6662	6456	6456
667.5	6258	6665	6460	6460
668	6260	6669	6464	6464
668.5	6264	6673	6468	6468
669	6269	6677	6472	6472
669.5	6273	6681	6476	6475
670	6275	6686	6480	6479
670.5	6278	6690	6484	6483
671	6279	6694	6488	6487
671.5	6280	6700	6492	6491
672	6282	6706	6495	6494
672.5	6285	6711	6499	6498
673	6287	6717	6502	6502
673.5	6292	6719	6505	6506
674	6299	6721	6509	6510
674.5	6304	6724	6513	6514
675	6310	6726	6517	6517
675.5	6318	6729	6521	6521
676	6322	6732	6525	6525
676.5	6327	6734	6529	6529
677	6332	6738	6533	6533
677.5	6336	6742	6537	6537
678	6339	6743	6541	6540
678.5	6343	6745	6545	6544
679	6346	6746	6550	6548
679.5	6349	6749	6554	6552
680	6354	6753	6559	6556
680.5	6358	6756	6562	6560
681	6361	6760	6567	6564
681.5	6364	6766	6570	6567
682	6367	6772	6574	6571
682.5	6370	6775	6578	6575
683	6373	6779	6581	6579
683.5	6376	6780	6585	6583
684	6381	6783	6589	6586
684.5	6385	6785	6593	6590
685	6388	6787	6596	6594
685.5	6391	6790	6600	6598
686	6396	6792	6604	6601
686.5	6398	6795	6607	6605
687	6401	6798	6610	6609
687.5	6405	6801	6614	6613
688	6408	6803	6618	6616
688.5	6411	6806	6623	6620
689	6415	6810	6627	6624
689.5	6417	6812	6631	6628
690	6420	6815	6634	6631
690.5	6422	6819	6638	6635
691	6425	6823	6642	6639
691.5	6427	6827	6646	6643
692	6430	6831	6650	6646
692.5	6433	6836	6654	6650
693	6436	6841	6658	6654
693.5	6440	6842	6661	6658
694	6449	6843	6665	6662
694.5	6454	6845	6667	6666
695	6463	6846	6672	6670
695.5	6471	6848	6676	6673
696	6478	6851	6680	6677
696.5	6483	6853	6683	6681
697	6488	6855	6687	6685
697.5	6496	6857	6692	6689
698	6500	6859	6696	6693
698.5	6504	6862	6699	6697
699	6508	6864	6704	6701
699.5	6513	6867	6707	6705
700	6517	6870	6711	6709
700.5	6521	6873	6715	6713
701	6527	6877	6719	6717
701.5	6530	6880	6724	6721
702	6536	6884	6728	6725
702.5	6540	6887	6733	6729
703	6543	6891	6737	6733
703.5	6549	6892	6740	6736
704	6555	6894	6743	6740
704.5	6562	6895	6747	6744
705	6568	6897	6750	6747
705.5	6571	6899	6753	6751
706	6579	6900	6756	6754
706.5	6585	6902	6759	6758
707	6591	6904	6762	6762
707.5	6598	6906	6766	6765
708	6605	6909	6769	6769
708.5	6609	6912	6773	6773
709	6613	6915	6776	6776
709.5	6620	6918	6779	6780
710	6624	6921	6782	6784
710.5	6630	6924	6785	6787
711	6633	6927	6789	6791
711.5	6637	6929	6792	6794
712	6642	6934	6795	6798
712.5	6647	6940	6799	6802
713	6649	6942	6802	6805
713.5	6655	6943	6804	6808
714	6661	6944	6806	6811
714.5	6665	6945	6808	6814
715	6671	6946	6810	6816
715.5	6677	6947	6813	6819
716	6681	6948	6816	6822
716.5	6683	6950	6819	6824
717	6689	6952	6822	6827
717.5	6694	6954	6825	6830
718	6701	6956	6829	6833
718.5	6706	6957	6833	6835
719	6710	6958	6836	6838
719.5	6715	6960	6839	6841
720	6718	6962	6843	6843
720.5	6723	6964	6846	6846
721	6726	6965	6848	6849
721.5	6729	6968	6852	6852
722	6733	6969	6854	6854
722.5	6737	6972	6858	6857
723	6740	6973	6860	6860
723.5	6743	6975	6862	6861
724	6746	6976	6863	6863
724.5	6748	6977	6864	6864
725	6749	6979	6866	6865
725.5	6751	6980	6867	6867
726	6752	6981	6869	6868
726.5	6753	6983	6870	6870
727	6755	6984	6871	6871
727.5	6755	6986	6873	6872
728	6756	6987	6874	6874
728.5	6757	6989	6876	6875
729	6758	6990	6877	6877
729.5	6758	6992	6879	6878
730	6760	6994	6880	6879
730.5	6761	6996	6881	6881
731	6763	6998	6883	6882
731.5	6764	7001	6884	6884
732	6766	7003	6886	6885
732.5	6768	7005	6887	6887
733	6770	7008	6889	6888
733.5	6770	7010	6890	6889
734	6772	7012	6892	6891
734.5	6773	7013	6893	6892
735	6774	7016	6894	6893
735.5	6776	7017	6896	6895
736	6777	7020	6897	6896
736.5	6780	7022	6898	6898
737	6781	7023	6900	6899
737.5	6783	7025	6901	6900
738	6785	7026	6902	6902
738.5	6785	7028	6904	6903
739	6786	7029	6905	6904
739.5	6787	7031	6906	6906
740	6787	7031	6908	6907
740.5	6787	7033	6909	6909
741	6787	7035	6911	6910
741.5	6788	7037	6912	6911
742	6789	7038	6913	6913
742.5	6791	7040	6915	6914
743	6793	7042	6916	6915
743.5	6793	7043	6917	6917
744	6794	7044	6919	6918
744.5	6796	7045	6920	6920
745	6797	7046	6922	6921
745.5	6798	7048	6924	6923
746	6802	7050	6925	6924
746.5	6803	7052	6926	6925
747	6806	7054	6927	6927
747.5	6809	7056	6929	6928
748	6810	7057	6930	6930
748.5	6814	7059	6932	6931
749	6815	7061	6933	6933
749.5	6815	7065	6935	6934
750	6818	7067	6936	6935
750.5	6819	7069	6938	6937
751	6819	7072	6939	6938
751.5	6820	7073	6940	6940
752	6820	7075	6942	6941
752.5	6821	7078	6943	6942
753	6821	7081	6944	6944
753.5	6822	7083	6946	6946
754	6823	7084	6947	6947
754.5	6826	7086	6949	6949
755	6829	7087	6951	6951
755.5	6832	7088	6952	6952
756	6833	7090	6953	6954
756.5	6835	7091	6955	6956
757	6836	7094	6956	6957
757.5	6837	7096	6958	6959
758	6839	7097	6959	6961
758.5	6840	7099	6961	6962
759	6841	7103	6963	6964
759.5	6842	7105	6965	6966
760	6843	7106	6967	6967
760.5	6843	7108	6969	6969
761	6844	7109	6971	6971
761.5	6845	7112	6972	6972
762	6846	7114	6974	6974
762.5	6846	7117	6975	6976
763	6847	7120	6977	6977
763.5	6849	7121	6979	6979
764	6850	7122	6980	6981
764.5	6853	7123	6982	6983
765	6854	7125	6984	6984
765.5	6856	7127	6986	6986
766	6858	7127	6988	6988
766.5	6860	7129	6990	6990
767	6862	7130	6992	6992
767.5	6864	7132	6994	6994
768	6866	7134	6995	6995
768.5	6866	7137	6997	6997
769	6868	7141	6999	6999
769.5	6870	7144	7001	7001
770	6872	7146	7003	7003
770.5	6874	7147	7005	7004
771	6875	7152	7007	7006
771.5	6876	7153	7009	7008
772	6877	7155	7010	7010
772.5	6879	7157	7012	7012
773	6881	7160	7014	7013
773.5	6883	7161	7015	7015
774	6885	7163	7017	7017
774.5	6888	7163	7019	7019
775	6890	7165	7020	7021
775.5	6891	7166	7023	7023
776	6893	7168	7025	7024
776.5	6895	7170	7027	7026
777	6897	7172	7029	7028
777.5	6899	7173	7030	7030
778	6900	7175	7032	7032
778.5	6901	7176	7034	7034
779	6904	7179	7036	7036
779.5	6905	7180	7037	7037
780	6906	7182	7039	7039
780.5	6907	7185	7040	7041
781	6907	7188	7042	7043
781.5	6908	7190	7044	7045
782	6909	7192	7046	7047
782.5	6910	7194	7047	7049
783	6911	7197	7049	7050
783.5	6912	7198	7051	7052
784	6914	7199	7053	7054
784.5	6916	7200	7054	7055
785	6919	7203	7056	7057
785.5	6921	7204	7058	7059
786	6922	7205	7059	7061
786.5	6923	7207	7061	7062
787	6925	7208	7063	7064
787.5	6926	7210	7065	7066
788	6928	7212	7066	7067
788.5	6929	7214	7068	7069
789	6931	7216	7070	7071
789.5	6932	7218	7071	7073
790	6934	7219	7073	7074
790.5	6936	7220	7075	7076
791	6938	7222	7077	7078
791.5	6939	7225	7078	7079
792	6941	7228	7080	7081
792.5	6943	7230	7081	7083
793	6944	7233	7083	7084
793.5	6946	7235	7085	7086
794	6949	7237	7086	7088
794.5	6950	7237	7088	7090
795	6952	7238	7090	7092
795.5	6953	7240	7092	7093
796	6954	7241	7094	7095
796.5	6956	7242	7096	7097
797	6957	7244	7098	7099
797.5	6959	7245	7100	7100
798	6961	7247	7102	7102
798.5	6962	7249	7103	7104
799	6964	7251	7105	7106
799.5	6966	7253	7107	7107
800	6967	7254	7109	7109
800.5	6969	7257	7111	7111
801	6971	7259	7113	7113
801.5	6973	7262	7114	7115
802	6974	7263	7116	7116
802.5	6975	7265	7118	7118
803	6976	7267	7119	7120
803.5	6979	7267	7122	7122
804	6981	7268	7124	7123
804.5	6983	7270	7126	7125
805	6986	7272	7128	7127
805.5	6988	7274	7129	7129
806	6990	7275	7132	7131
806.5	6992	7276	7133	7132
807	6994	7278	7135	7134
807.5	6995	7279	7136	7136
808	6998	7281	7137	7138
808.5	6999	7282	7139	7140
809	7000	7283	7141	7141
809.5	7002	7285	7143	7143
810	7003	7287	7144	7145
810.5	7005	7290	7146	7147
811	7006	7292	7148	7149
811.5	7007	7293	7150	7150
812	7007	7295	7152	7152
812.5	7008	7299	7154	7154
813	7008	7302	7155	7156
813.5	7012	7303	7157	7157
814	7014	7303	7158	7159
814.5	7015	7304	7160	7161
815	7017	7305	7162	7162
815.5	7019	7306	7164	7164
816	7020	7308	7166	7166
816.5	7022	7310	7168	7167
817	7023	7311	7170	7169
817.5	7024	7313	7171	7171
818	7025	7314	7173	7172
818.5	7026	7316	7175	7174
819	7028	7318	7177	7176
819.5	7029	7318	7178	7177
820	7031	7320	7180	7179
820.5	7032	7321	7182	7181
821	7033	7322	7184	7182
821.5	7034	7324	7185	7184
822	7036	7327	7187	7186
822.5	7037	7330	7188	7187
823	7039	7332	7190	7189
823.5	7041	7332	7192	7191
824	7044	7333	7194	7193
824.5	7047	7334	7196	7194
825	7048	7335	7198	7196
825.5	7051	7336	7200	7198
826	7052	7338	7202	7200
826.5	7054	7339	7203	7201
827	7057	7341	7205	7203
827.5	7059	7342	7207	7205
828	7060	7343	7208	7206
828.5	7063	7345	7210	7208
829	7064	7346	7211	7210
829.5	7067	7348	7213	7212
830	7069	7350	7215	7213
830.5	7072	7352	7217	7215
831	7074	7354	7219	7217
831.5	7075	7356	7221	7219
832	7077	7359	7223	7220
832.5	7078	7361	7225	7222
833	7078	7364	7226	7224
833.5	7081	7364	7228	7225
834	7082	7365	7230	7227
834.5	7084	7366	7232	7229
835	7085	7367	7233	7231
835.5	7087	7368	7235	7232
836	7089	7369	7236	7234
836.5	7090	7370	7238	7236
837	7091	7371	7239	7237
837.5	7093	7372	7241	7239
838	7095	7374	7242	7241
838.5	7096	7376	7244	7242
839	7097	7377	7245	7244
839.5	7098	7378	7247	7246
840	7099	7379	7250	7248
840.5	7100	7381	7251	7249
841	7101	7382	7254	7251
841.5	7104	7384	7256	7253
842	7105	7386	7257	7254
842.5	7107	7387	7259	7256
843	7108	7391	7261	7258
843.5	7108	7392	7263	7259
844	7110	7393	7265	7261
844.5	7113	7394	7267	7263
845	7114	7395	7268	7265
845.5	7116	7395	7270	7266
846	7118	7396	7271	7268
846.5	7120	7398	7273	7270
847	7122	7399	7275	7271
847.5	7123	7400	7277	7273
848	7125	7400	7278	7275
848.5	7127	7402	7280	7277
849	7128	7403	7282	7278
849.5	7130	7404	7283	7280
850	7131	7405	7285	7282
850.5	7133	7407	7287	7284
851	7134	7408	7289	7285
851.5	7135	7410	7291	7287
852	7136	7412	7293	7289
852.5	7138	7414	7295	7290
853	7140	7415	7296	7292
853.5	7142	7417	7298	7294
854	7144	7418	7300	7296
854.5	7145	7419	7301	7297
855	7147	7420	7303	7299
855.5	7149	7421	7305	7301
856	7153	7423	7307	7303
856.5	7155	7424	7309	7304
857	7158	7426	7311	7306
857.5	7159	7428	7312	7308
858	7161	7428	7314	7310
858.5	7162	7430	7316	7312
859	7164	7431	7318	7313
859.5	7165	7432	7320	7315
860	7167	7433	7321	7317
860.5	7168	7434	7323	7319
861	7170	7437	7325	7320
861.5	7173	7438	7327	7322
862	7175	7441	7328	7324
862.5	7177	7442	7330	7326
863	7179	7444	7332	7328
863.5	7183	7445	7334	7330
864	7187	7447	7336	7332
864.5	7192	7447	7338	7334
865	7198	7448	7340	7336
865.5	7201	7449	7342	7338
866	7204	7451	7345	7340
866.5	7206	7453	7347	7342
867	7211	7454	7348	7345
867.5	7214	7455	7351	7347
868	7216	7457	7353	7349
868.5	7218	7460	7355	7351
869	7220	7461	7358	7353
869.5	7222	7464	7360	7355
870	7224	7466	7362	7357
870.5	7225	7469	7364	7360
871	7226	7473	7366	7362
871.5	7228	7474	7369	7364
872	7230	7476	7371	7366
872.5	7231	7479	7373	7368
873	7233	7482	7375	7370
873.5	7238	7483	7377	7373
874	7242	7484	7380	7375
874.5	7245	7485	7381	7377
875	7248	7486	7383	7379
875.5	7251	7488	7385	7382
876	7253	7489	7387	7384
876.5	7257	7490	7390	7386
877	7261	7491	7392	7389
877.5	7264	7493	7395	7391
878	7267	7495	7397	7393
878.5	7270	7496	7399	7396
879	7274	7498	7401	7398
879.5	7275	7500	7403	7400
880	7278	7502	7406	7403
880.5	7280	7504	7408	7405
881	7282	7506	7410	7407
881.5	7284	7509	7412	7410
882	7287	7511	7415	7412
882.5	7291	7513	7417	7414
883	7293	7515	7420	7417
883.5	7299	7516	7422	7419
884	7302	7517	7423	7421
884.5	7306	7518	7425	7423
885	7311	7519	7426	7425
885.5	7314	7520	7428	7427
886	7318	7522	7430	7430
886.5	7322	7523	7432	7432
887	7327	7524	7434	7434
887.5	7330	7525	7436	7436
888	7333	7526	7438	7438
888.5	7335	7528	7440	7441
889	7338	7530	7443	7443
889.5	7340	7532	7445	7445
890	7343	7534	7447	7447
890.5	7346	7536	7449	7449
891	7348	7537	7451	7451
891.5	7349	7539	7454	7454
892	7350	7541	7456	7456
892.5	7353	7543	7458	7458
893	7355	7546	7460	7460
893.5	7358	7547	7461	7462
894	7359	7547	7463	7463
894.5	7361	7548	7465	7465
895	7363	7549	7467	7467
895.5	7365	7550	7469	7468
896	7367	7553	7470	7470
896.5	7368	7554	7472	7472
897	7371	7556	7474	7473
897.5	7374	7557	7475	7475
898	7378	7559	7477	7477
898.5	7381	7560	7478	7478
899	7384	7561	7480	7480
899.5	7386	7563	7481	7482
900	7388	7564	7483	7483
900.5	7390	7566	7484	7485
901	7392	7568	7486	7487
901.5	7396	7570	7488	7488
902	7398	7572	7489	7490
902.5	7400	7574	7491	7492
903	7402	7576	7492	7493
903.5	7403	7577	7494	7495
904	7406	7579	7496	7496
904.5	7411	7580	7497	7498
905	7413	7581	7499	7499
905.5	7416	7583	7500	7501
906	7420	7585	7502	7502
906.5	7421	7587	7503	7504
907	7424	7590	7505	7505
907.5	7426	7592	7506	7507
908	7428	7593	7508	7508
908.5	7432	7594	7509	7510
909	7432	7596	7511	7511
909.5	7433	7597	7512	7513
910	7435	7599	7514	7514
910.5	7437	7602	7515	7516
911	7438	7604	7516	7517
911.5	7440	7606	7518	7519
912	7441	7608	7519	7520
912.5	7442	7611	7521	7522
913	7443	7613	7523	7523
913.5	7444	7614	7524	7525
914	7445	7616	7525	7526
914.5	7447	7618	7527	7528
915	7448	7619	7528	7529
915.5	7449	7621	7530	7531
916	7450	7623	7531	7532
916.5	7451	7624	7532	7533
917	7452	7626	7534	7535
917.5	7454	7627	7535	7536
918	7454	7629	7536	7538
918.5	7455	7632	7538	7539
919	7456	7634	7539	7541
919.5	7458	7636	7541	7542
920	7459	7638	7542	7543
920.5	7459	7640	7544	7545
921	7461	7642	7545	7546
921.5	7462	7645	7546	7548
922	7463	7648	7548	7549
922.5	7464	7649	7549	7551
923	7464	7653	7551	7552
923.5	7467	7654	7552	7553
924	7468	7656	7553	7555
924.5	7470	7658	7555	7556
925	7472	7658	7557	7558
925.5	7474	7660	7558	7559
926	7476	7661	7559	7561
926.5	7478	7664	7561	7562
927	7479	7665	7562	7564
927.5	7480	7667	7564	7565
928	7482	7669	7565	7566
928.5	7484	7671	7566	7568
929	7484	7672	7568	7569
929.5	7485	7674	7569	7571
930	7486	7676	7571	7572
930.5	7487	7677	7572	7574
931	7488	7679	7574	7575
931.5	7490	7681	7575	7576
932	7491	7684	7577	7578
932.5	7492	7686	7578	7579
933	7493	7688	7579	7581
933.5	7497	7689	7581	7582
934	7499	7690	7582	7584
934.5	7501	7692	7584	7585
935	7504	7693	7585	7587
935.5	7505	7695	7587	7588
936	7507	7697	7588	7590
936.5	7509	7698	7590	7591
937	7511	7700	7591	7593
937.5	7514	7702	7593	7594
938	7515	7705	7594	7595
938.5	7516	7707	7595	7597
939	7518	7709	7597	7598
939.5	7520	7712	7598	7600
940	7522	7714	7599	7601
940.5	7522	7716	7600	7603
941	7524	7718	7602	7604
941.5	7525	7721	7603	7606
942	7527	7723	7605	7607
942.5	7528	7724	7606	7609
943	7529	7727	7608	7610
943.5	7532	7728	7609	7612
944	7534	7729	7611	7613
944.5	7537	7731	7612	7615
945	7540	7733	7614	7616
945.5	7541	7733	7615	7618
946	7544	7735	7616	7619
946.5	7546	7735	7618	7620
947	7547	7737	7619	7622
947.5	7548	7739	7621	7623
948	7550	7741	7622	7625
948.5	7551	7743	7624	7626
949	7553	7743	7625	7628
949.5	7554	7744	7627	7629
950	7556	7746	7628	7631
950.5	7558	7747	7630	7632
951	7559	7749	7631	7634
951.5	7560	7751	7633	7635
952	7561	7754	7634	7637
952.5	7563	7756	7636	7638
953	7564	7758	7637	7639
953.5	7566	7758	7639	7641
954	7569	7760	7641	7643
954.5	7572	7762	7643	7645
955	7575	7764	7645	7647
955.5	7578	7767	7647	7649
956	7579	7770	7649	7651
956.5	7581	7773	7651	7653
957	7584	7775	7653	7655
957.5	7586	7777	7655	7657
958	7587	7779	7657	7659
958.5	7589	7782	7658	7661
959	7590	7783	7660	7662
959.5	7591	7785	7662	7664
960	7592	7788	7663	7666
960.5	7593	7791	7665	7668
961	7594	7792	7666	7670
961.5	7594	7796	7668	7672
962	7595	7797	7669	7674
962.5	7596	7801	7671	7676
963	7597	7806	7673	7678
963.5	7599	7807	7675	7680
964	7602	7809	7678	7682
964.5	7605	7811	7680	7685
965	7607	7813	7682	7687
965.5	7609	7815	7684	7690
966	7610	7818	7687	7692
966.5	7612	7820	7689	7694
967	7613	7825	7691	7697
967.5	7615	7827	7693	7699
968	7615	7828	7695	7701
968.5	7617	7830	7697	7704
969	7619	7831	7699	7706
969.5	7620	7834	7701	7708
970	7622	7839	7703	7711
970.5	7623	7843	7706	7713
971	7624	7846	7708	7715
971.5	7625	7849	7710	7718
972	7625	7854	7712	7720
972.5	7626	7859	7714	7723
973	7628	7864	7716	7725
973.5	7630	7865	7719	7727
974	7633	7867	7722	7729
974.5	7634	7870	7724	7732
975	7636	7872	7726	7734
975.5	7638	7875	7728	7736
976	7639	7877	7731	7739
976.5	7641	7878	7733	7741
977	7643	7882	7736	7743
977.5	7644	7884	7738	7746
978	7646	7887	7740	7748
978.5	7648	7890	7743	7750
979	7649	7892	7745	7752
979.5	7651	7895	7747	7755
980	7652	7897	7750	7757
980.5	7653	7900	7752	7759
981	7654	7902	7755	7762
981.5	7656	7907	7758	7764
982	7657	7910	7759	7766
982.5	7659	7914	7762	7768
983	7659	7918	7764	7771
983.5	7662	7920	7766	7773
984	7664	7922	7769	7775
984.5	7666	7923	7772	7778
985	7668	7925	7774	7780
985.5	7670	7927	7776	7782
986	7672	7928	7778	7785
986.5	7673	7930	7780	7787
987	7675	7932	7783	7789
987.5	7677	7936	7786	7792
988	7679	7938	7788	7794
988.5	7680	7941	7791	7796
989	7682	7944	7793	7799
989.5	7684	7946	7796	7801
990	7685	7948	7798	7803
990.5	7686	7950	7800	7806
991	7687	7954	7803	7808
991.5	7688	7956	7805	7810
992	7690	7958	7807	7813
992.5	7691	7962	7810	7815
993	7693	7965	7812	7817
993.5	7695	7966	7815	7820
994	7697	7968	7817	7822
994.5	7699	7971	7819	7824
995	7701	7972	7822	7826
995.5	7704	7974	7824	7829
996	7707	7975	7826	7831
996.5	7709	7978	7829	7833
997	7711	7980	7831	7836
997.5	7713	7981	7833	7838
998	7715	7984	7836	7840
998.5	7716	7986	7839	7843
999	7718	7989	7841	7845
999.5	7720	7992	7843	7847
1000	7722	7994	7845	7849
1000.5	7724	7997	7848	7852
1001	7726	8000	7850	7854
1001.5	7727	8003	7852	7856
1002	7728	8006	7855	7859
1002.5	7729	8009	7857	7861
1003	7730	8014	7859	7863
1003.5	7733	8015	7861	7866
1004	7735	8016	7864	7868
1004.5	7738	8017	7866	7870
1005	7741	8019	7868	7873
1005.5	7743	8022	7870	7875
1006	7745	8025	7872	7877
1006.5	7747	8025	7875	7880
1007	7749	8027	7877	7882
1007.5	7752	8030	7880	7884
1008	7754	8032	7882	7887
1008.5	7756	8035	7885	7889
1009	7757	8037	7887	7892
1009.5	7758	8039	7890	7894
1010	7759	8042	7892	7896
1010.5	7760	8044	7895	7899
1011	7762	8046	7898	7901
1011.5	7763	8049	7900	7903
1012	7765	8052	7903	7906
1012.5	7766	8054	7905	7908
1013	7767	8057	7908	7910
1013.5	7771	8059	7910	7913
1014	7775	8062	7913	7915
1014.5	7777	8063	7915	7918
1015	7779	8065	7918	7920
1015.5	7783	8066	7920	7922
1016	7785	8070	7923	7925
1016.5	7789	8072	7925	7927
1017	7792	8074	7928	7929
1017.5	7795	8077	7930	7932
1018	7796	8080	7933	7934
1018.5	7797	8083	7936	7936
1019	7798	8086	7938	7939
1019.5	7799	8090	7941	7941
1020	7800	8093	7943	7944
1020.5	7801	8097	7946	7946
1021	7803	8100	7948	7948
1021.5	7804	8104	7950	7951
1022	7806	8107	7953	7953
1022.5	7808	8112	7956	7955
1023	7809	8116	7958	7958
1023.5	7812	8117	7960	7960
1024	7815	8118	7962	7962
1024.5	7818	8119	7964	7964
1025	7819	8121	7967	7967
1025.5	7822	8122	7969	7969
1026	7824	8124	7972	7971
1026.5	7827	8126	7974	7974
1027	7830	8130	7976	7976
1027.5	7832	8132	7979	7978
1028	7834	8133	7981	7980
1028.5	7836	8134	7984	7983
1029	7838	8136	7986	7985
1029.5	7840	8138	7988	7987
1030	7841	8141	7991	7989
1030.5	7843	8143	7992	7992
1031	7845	8145	7994	7994
1031.5	7846	8146	7997	7996
1032	7847	8148	7999	7998
1032.5	7849	8151	8001	8001
1033	7849	8154	8004	8003
1033.5	7853	8157	8006	8005
1034	7856	8158	8009	8008
1034.5	7859	8160	8011	8010
1035	7862	8161	8013	8012
1035.5	7865	8162	8015	8014
1036	7868	8163	8017	8017
1036.5	7872	8165	8020	8019
1037	7874	8167	8022	8021
1037.5	7877	8170	8024	8024
1038	7878	8172	8026	8026
1038.5	7879	8174	8028	8028
1039	7881	8176	8031	8031
1039.5	7884	8177	8034	8033
1040	7887	8178	8036	8035
1040.5	7888	8181	8038	8037
1041	7890	8183	8041	8040
1041.5	7892	8186	8043	8042
1042	7895	8189	8046	8044
1042.5	7895	8192	8048	8047
1043	7896	8194	8050	8049
1043.5	7900	8196	8052	8051
1044	7903	8197	8055	8054
1044.5	7905	8199	8058	8056
1045	7907	8200	8061	8059
1045.5	7911	8201	8063	8061
1046	7913	8203	8066	8063
1046.5	7916	8206	8069	8066
1047	7919	8209	8071	8068
1047.5	7922	8211	8075	8071
1048	7924	8213	8078	8073
1048.5	7928	8216	8081	8075
1049	7932	8217	8083	8078
1049.5	7934	8220	8085	8080
1050	7936	8223	8088	8083
1050.5	7938	8225	8091	8085
1051	7941	8227	8093	8087
1051.5	7942	8230	8096	8090
1052	7944	8234	8099	8092
1052.5	7945	8237	8102	8095
1053	7947	8240	8104	8097
1053.5	7951	8243	8106	8099
1054	7956	8243	8109	8102
1054.5	7958	8245	8111	8104
1055	7962	8246	8114	8106
1055.5	7966	8247	8116	8109
1056	7969	8250	8119	8111
1056.5	7973	8252	8122	8113
1057	7976	8254	8125	8115
1057.5	7979	8255	8127	8118
1058	7981	8256	8130	8120
1058.5	7984	8257	8133	8122
1059	7987	8259	8135	8125
1059.5	7990	8261	8138	8127
1060	7991	8262	8140	8129
1060.5	7992	8264	8144	8132
1061	7995	8266	8146	8134
1061.5	7998	8268	8149	8136
1062	7999	8270	8152	8138
1062.5	8001	8273	8154	8141
1063	8004	8274	8157	8143
1063.5	8007	8275	8159	8145
1064	8011	8277	8162	8148
1064.5	8014	8279	8164	8150
1065	8018	8281	8166	8152
1065.5	8021	8282	8168	8154
1066	8024	8284	8171	8157
1066.5	8027	8285	8174	8159
1067	8030	8286	8176	8161
1067.5	8032	8290	8178	8163
1068	8034	8291	8180	8166
1068.5	8036	8294	8183	8168
1069	8038	8297	8185	8170
1069.5	8040	8299	8187	8173
1070	8042	8302	8190	8175
1070.5	8044	8305	8192	8177
1071	8046	8307	8194	8179
1071.5	8048	8310	8196	8182
1072	8050	8312	8198	8184
1072.5	8051	8315	8200	8186
1073	8052	8318	8203	8188
1073.5	8055	8320	8205	8190
1074	8058	8322	8207	8192
1074.5	8060	8323	8208	8194
1075	8062	8326	8210	8196
1075.5	8064	8329	8211	8198
1076	8066	8330	8213	8200
1076.5	8068	8331	8215	8202
1077	8070	8332	8216	8204
1077.5	8071	8334	8218	8205
1078	8072	8336	8219	8207
1078.5	8073	8339	8221	8209
1079	8074	8342	8222	8211
1079.5	8075	8344	8224	8213
1080	8077	8345	8225	8215
1080.5	8078	8348	8227	8217
1081	8079	8350	8228	8219
1081.5	8079	8353	8230	8220
1082	8080	8354	8231	8222
1082.5	8081	8356	8233	8224
1083	8082	8358	8235	8226
1083.5	8085	8359	8237	8228
1084	8088	8361	8238	8230
1084.5	8092	8363	8240	8232
1085	8094	8365	8241	8234
1085.5	8096	8366	8243	8236
1086	8098	8368	8244	8237
1086.5	8100	8371	8245	8239
1087	8103	8374	8247	8241
1087.5	8105	8377	8249	8243
1088	8107	8378	8250	8245
1088.5	8109	8380	8252	8247
1089	8112	8381	8253	8249
1089.5	8114	8383	8255	8251
1090	8116	8386	8257	8253
1090.5	8118	8388	8258	8254
1091	8120	8391	8260	8256
1091.5	8122	8393	8261	8258
1092	8122	8396	8263	8260
1092.5	8123	8399	8265	8262
1093	8126	8400	8267	8264
1093.5	8129	8403	8269	8266
1094	8131	8404	8270	8268
1094.5	8134	8406	8272	8269
1095	8137	8408	8274	8271
1095.5	8139	8409	8276	8273
1096	8142	8411	8277	8275
1096.5	8145	8412	8279	8277
1097	8146	8413	8281	8279
1097.5	8148	8416	8283	8281
1098	8150	8417	8285	8282
1098.5	8153	8420	8286	8284
1099	8156	8424	8288	8286
1099.5	8158	8425	8290	8288
1100	8160	8428	8291	8290
1100.5	8161	8431	8293	8292
1101	8163	8433	8295	8294
1101.5	8165	8435	8297	8295
1102	8166	8437	8299	8297
1102.5	8169	8439	8300	8299
1103	8170	8440	8302	8301
1103.5	8173	8442	8304	8303
1104	8176	8444	8305	8305
1104.5	8179	8446	8307	8307
1105	8182	8448	8308	8308
1105.5	8184	8450	8310	8310
1106	8188	8451	8312	8312
1106.5	8190	8452	8314	8314
1107	8193	8454	8316	8316
1107.5	8195	8456	8317	8318
1108	8197	8457	8319	8319
1108.5	8200	8459	8321	8321
1109	8202	8462	8323	8323
1109.5	8203	8465	8325	8325
1110	8205	8467	8326	8327
1110.5	8206	8469	8328	8329
1111	8207	8471	8329	8331
1111.5	8208	8474	8331	8332
1112	8209	8475	8333	8334
1112.5	8210	8477	8335	8336
1113	8212	8479	8337	8338
1113.5	8216	8480	8339	8340
1114	8220	8482	8340	8341
1114.5	8223	8483	8341	8343
1115	8226	8484	8343	8345
1115.5	8229	8487	8344	8347
1116	8232	8490	8346	8349
1116.5	8234	8490	8347	8350
1117	8236	8492	8349	8352
1117.5	8239	8493	8350	8354
1118	8241	8495	8352	8356
1118.5	8243	8498	8354	8358
1119	8246	8499	8356	8360
1119.5	8249	8502	8358	8361
1120	8251	8503	8359	8363
1120.5	8253	8505	8361	8365
1121	8255	8507	8363	8367
1121.5	8257	8508	8364	8369
1122	8259	8510	8366	8370
1122.5	8261	8513	8368	8372
1123	8262	8514	8369	8374
1123.5	8267	8516	8371	8376
1124	8272	8517	8372	8378
1124.5	8275	8518	8374	8380
1125	8279	8519	8375	8382
1125.5	8283	8519	8377	8384
1126	8289	8520	8378	8386
1126.5	8292	8521	8380	8388
1127	8296	8523	8381	8390
1127.5	8299	8524	8383	8392
1128	8302	8525	8384	8393
1128.5	8305	8526	8386	8395
1129	8309	8527	8388	8397
1129.5	8314	8527	8390	8399
1130	8318	8529	8391	8401
1130.5	8322	8531	8393	8403
1131	8324	8533	8395	8405
1131.5	8325	8535	8396	8407
1132	8327	8537	8398	8409
1132.5	8329	8539	8400	8411
1133	8331	8540	8402	8413
1133.5	8333	8542	8404	8416
1134	8334	8545	8407	8418
1134.5	8337	8547	8409	8421
1135	8340	8550	8411	8423
1135.5	8341	8553	8414	8426
1136	8342	8557	8416	8428
1136.5	8346	8560	8418	8431
1137	8348	8563	8421	8433
1137.5	8348	8568	8424	8435
1138	8349	8573	8425	8438
1138.5	8351	8579	8428	8440
1139	8352	8584	8430	8443
1139.5	8354	8589	8432	8445
1140	8355	8592	8435	8448
1140.5	8355	8595	8438	8450
1141	8356	8600	8440	8453
1141.5	8357	8603	8442	8455
1142	8359	8608	8445	8458
1142.5	8360	8614	8447	8460
1143	8361	8620	8449	8463
1143.5	8363	8623	8452	8465
1144	8366	8625	8454	8468
1144.5	8368	8627	8457	8471
1145	8369	8630	8460	8473
1145.5	8371	8633	8462	8476
1146	8372	8635	8465	8478
1146.5	8373	8639	8467	8481
1147	8375	8642	8470	8483
1147.5	8377	8647	8472	8486
1148	8378	8650	8475	8489
1148.5	8379	8654	8477	8491
1149	8380	8658	8480	8494
1149.5	8380	8661	8482	8496
1150	8382	8666	8485	8499
1150.5	8383	8673	8488	8501
1151	8384	8678	8490	8504
1151.5	8385	8683	8492	8507
1152	8385	8688	8495	8509
1152.5	8387	8690	8498	8512
1153	8388	8697	8501	8514
1153.5	8391	8698	8503	8517
1154	8394	8699	8506	8519
1154.5	8397	8701	8508	8522
1155	8398	8704	8511	8524
1155.5	8400	8706	8514	8527
1156	8402	8710	8516	8529
1156.5	8404	8714	8519	8532
1157	8406	8718	8521	8534
1157.5	8407	8723	8524	8537
1158	8409	8728	8527	8539
1158.5	8410	8733	8530	8542
1159	8412	8738	8532	8545
1159.5	8414	8743	8535	8547
1160	8415	8748	8538	8550
1160.5	8416	8751	8541	8552
1161	8417	8755	8544	8555
1161.5	8418	8759	8546	8557
1162	8419	8763	8548	8560
1162.5	8420	8767	8551	8562
1163	8421	8771	8553	8565
1163.5	8423	8773	8556	8567
1164	8425	8776	8559	8570
1164.5	8427	8779	8562	8572
1165	8428	8782	8565	8575
1165.5	8430	8783	8567	8577
1166	8432	8786	8570	8580
1166.5	8435	8788	8572	8583
1167	8437	8791	8575	8585
1167.5	8438	8794	8577	8588
1168	8439	8799	8580	8590
1168.5	8441	8802	8582	8593
1169	8443	8807	8585	8595
1169.5	8445	8811	8587	8598
1170	8446	8816	8589	8600
1170.5	8447	8821	8591	8603
1171	8448	8824	8594	8605
1171.5	8449	8829	8596	8608
1172	8449	8833	8598	8611
1172.5	8450	8835	8600	8613
1173	8452	8842	8602	8616
1173.5	8455	8842	8605	8618
1174	8457	8844	8607	8621
1174.5	8460	8847	8610	8623
1175	8463	8849	8612	8626
1175.5	8464	8853	8615	8628
1176	8466	8856	8617	8631
1176.5	8467	8858	8620	8633
1177	8469	8861	8622	8636
1177.5	8471	8865	8624	8638
1178	8472	8868	8627	8640
1178.5	8473	8869	8629	8643
1179	8475	8873	8632	8645
1179.5	8477	8876	8634	8648
1180	8478	8880	8636	8650
1180.5	8480	8885	8639	8653
1181	8484	8890	8641	8655
1181.5	8485	8895	8643	8658
1182	8486	8898	8645	8660
1182.5	8488	8903	8647	8663
1183	8489	8909	8650	8665
1183.5	8492	8911	8652	8668
1184	8493	8916	8656	8670
1184.5	8495	8920	8658	8673
1185	8498	8923	8661	8675
1185.5	8500	8927	8663	8678
1186	8502	8931	8666	8680
1186.5	8504	8933	8668	8683
1187	8507	8936	8670	8685
1187.5	8508	8940	8673	8688
1188	8511	8943	8676	8690
1188.5	8512	8946	8678	8693
1189	8513	8950	8680	8695
1189.5	8515	8953	8683	8698
1190	8516	8955	8686	8700
1190.5	8517	8957	8689	8703
1191	8519	8959	8691	8705
1191.5	8520	8964	8694	8708
1192	8521	8968	8696	8711
1192.5	8523	8972	8699	8713
1193	8523	8977	8702	8716
1193.5	8526	8979	8705	8718
1194	8529	8981	8708	8721
1194.5	8530	8983	8710	8723
1195	8532	8985	8713	8726
1195.5	8534	8988	8715	8728
1196	8535	8990	8718	8731
1196.5	8537	8993	8721	8733
1197	8538	8997	8723	8736
1197.5	8539	8999	8726	8739
1198	8541	9003	8728	8741
1198.5	8543	9005	8731	8744
1199	8544	9008	8734	8746
1199.5	8545	9011	8736	8749
1200	8546	9015	8739	8751
1200.5	8547	9018	8742	8754
1201	8550	9022	8744	8756
1201.5	8554	9025	8746	8759
1202	8554	9029	8749	8761
1202.5	8555	9033	8752	8764
1203	8557	9038	8755	8767
1203.5	8557	9041	8757	8769
1204	8559	9044	8760	8772
1204.5	8562	9046	8763	8774
1205	8563	9048	8765	8777
1205.5	8566	9050	8768	8779
1206	8569	9051	8770	8782
1206.5	8570	9055	8773	8784
1207	8573	9060	8775	8787
1207.5	8576	9064	8777	8790
1208	8578	9067	8779	8792
1208.5	8581	9071	8782	8795
1209	8584	9075	8784	8797
1209.5	8586	9078	8787	8800
1210	8587	9083	8790	8802
1210.5	8590	9090	8792	8805
1211	8593	9094	8795	8808
1211.5	8595	9098	8797	8810
1212	8597	9104	8800	8813
1212.5	8598	9107	8802	8815
1213	8601	9112	8805	8818
1213.5	8602	9115	8807	8820
1214	8605	9118	8809	8823
1214.5	8608	9121	8812	8825
1215	8609	9121	8814	8828
1215.5	8611	9127	8816	8830
1216	8612	9127	8819	8833
1216.5	8614	9131	8821	8835
1217	8615	9136	8824	8838
1217.5	8618	9137	8826	8840
1218	8620	9141	8829	8843
1218.5	8621	9142	8831	8845
1219	8623	9145	8834	8848
1219.5	8626	9146	8837	8850
1220	8627	9147	8839	8853
1220.5	8628	9150	8842	8855
1221	8630	9154	8845	8858
1221.5	8632	9156	8847	8860
1222	8634	9160	8850	8863
1222.5	8634	9166	8852	8865
1223	8636	9168	8855	8868
1223.5	8639	9170	8857	8870
1224	8641	9172	8859	8873
1224.5	8644	9175	8862	8876
1225	8647	9178	8865	8878
1225.5	8650	9181	8867	8881
1226	8653	9185	8869	8884
1226.5	8656	9188	8872	8886
1227	8659	9190	8874	8889
1227.5	8660	9195	8877	8891
1228	8662	9199	8880	8894
1228.5	8662	9201	8883	8897
1229	8664	9204	8886	8899
1229.5	8665	9207	8888	8902
1230	8669	9210	8891	8904
1230.5	8670	9213	8894	8907
1231	8672	9217	8897	8910
1231.5	8673	9219	8899	8912
1232	8674	9223	8902	8915
1232.5	8675	9225	8905	8917
1233	8677	9230	8908	8920
1233.5	8679	9232	8911	8922
1234	8682	9233	8913	8925
1234.5	8683	9234	8916	8928
1235	8685	9239	8918	8930
1235.5	8687	9240	8921	8933
1236	8689	9241	8924	8935
1236.5	8690	9246	8926	8938
1237	8691	9247	8929	8940
1237.5	8693	9250	8932	8943
1238	8694	9253	8934	8945
1238.5	8696	9255	8937	8948
1239	8697	9257	8940	8950
1239.5	8698	9260	8942	8953
1240	8699	9262	8945	8955
1240.5	8700	9264	8947	8958
1241	8703	9268	8949	8960
1241.5	8705	9272	8951	8963
1242	8707	9274	8954	8965
1242.5	8709	9276	8956	8968
1243	8710	9279	8959	8970
1243.5	8713	9282	8961	8973
1244	8718	9285	8963	8975
1244.5	8720	9287	8966	8978
1245	8724	9290	8968	8980
1245.5	8725	9294	8970	8983
1246	8726	9298	8973	8986
1246.5	8728	9302	8976	8988
1247	8730	9305	8980	8991
1247.5	8731	9309	8982	8993
1248	8734	9312	8984	8996
1248.5	8737	9316	8987	8998
1249	8738	9320	8989	9001
1249.5	8740	9323	8992	9004
1250	8741	9327	8994	9006
1250.5	8743	9329	8997	9009
1251	8744	9331	9000	9011
1251.5	8744	9333	9003	9014
1252	8745	9337	9006	9016
1252.5	8747	9340	9008	9019
1253	8748	9342	9011	9022
1253.5	8750	9348	9013	9024
1254	8753	9350	9017	9027
1254.5	8756	9351	9019	9029
1255	8758	9354	9021	9032
1255.5	8759	9357	9024	9034
1256	8761	9358	9027	9037
1256.5	8765	9362	9030	9039
1257	8767	9366	9032	9042
1257.5	8770	9368	9035	9044
1258	8773	9372	9038	9047
1258.5	8776	9375	9041	9050
1259	8780	9378	9043	9052
1259.5	8783	9382	9046	9055
1260	8784	9386	9049	9057
1260.5	8787	9388	9051	9060
1261	8789	9391	9053	9062
1261.5	8789	9392	9056	9065
1262	8790	9397	9059	9067
1262.5	8791	9401	9061	9070
1263	8792	9404	9064	9072
1263.5	8795	9411	9066	9075
1264	8797	9416	9069	9077
1264.5	8799	9419	9071	9080
1265	8802	9421	9073	9082
1265.5	8804	9424	9075	9085
1266	8806	9426	9077	9088
1266.5	8809	9427	9080	9090
1267	8810	9431	9083	9093
1267.5	8813	9434	9085	9095
1268	8815	9437	9087	9098
1268.5	8818	9443	9089	9100
1269	8820	9449	9091	9103
1269.5	8822	9454	9093	9105
1270	8824	9458	9096	9108
1270.5	8824	9461	9098	9110
1271	8826	9462	9101	9113
1271.5	8827	9466	9104	9115
1272	8829	9468	9106	9118
1272.5	8831	9471	9109	9120
1273	8833	9476	9112	9123
1273.5	8835	9480	9115	9125
1274	8836	9482	9117	9128
1274.5	8840	9482	9119	9130
1275	8843	9484	9122	9133
1275.5	8845	9487	9125	9135
1276	8846	9488	9127	9138
1276.5	8849	9490	9130	9140
1277	8851	9490	9132	9143
1277.5	8853	9494	9134	9146
1278	8857	9499	9137	9148
1278.5	8859	9503	9140	9151
1279	8860	9508	9143	9153
1279.5	8863	9513	9145	9156
1280	8866	9517	9148	9158
1280.5	8867	9523	9150	9161
1281	8871	9527	9154	9163
1281.5	8872	9529	9156	9166
1282	8874	9533	9157	9168
1282.5	8875	9537	9160	9171
1283	8878	9541	9163	9173
1283.5	8880	9544	9164	9176
1284	8883	9547	9167	9178
1284.5	8886	9549	9169	9181
1285	8887	9551	9172	9183
1285.5	8889	9552	9174	9186
1286	8891	9554	9177	9189
1286.5	8894	9556	9179	9191
1287	8895	9557	9182	9194
1287.5	8897	9559	9185	9196
1288	8899	9560	9188	9199
1288.5	8900	9562	9191	9201
1289	8902	9564	9193	9204
1289.5	8905	9569	9195	9206
1290	8906	9572	9198	9209
1290.5	8907	9574	9200	9211
1291	8909	9576	9203	9214
1291.5	8911	9579	9206	9216
1292	8913	9583	9208	9219
1292.5	8914	9587	9211	9222
1293	8915	9588	9213	9224
1293.5	8918	9592	9215	9227
1294	8920	9593	9218	9229
1294.5	8922	9596	9221	9232
1295	8926	9599	9223	9234
1295.5	8928	9600	9227	9237
1296	8931	9601	9229	9239
1296.5	8934	9607	9231	9242
1297	8935	9610	9233	9245
1297.5	8938	9612	9236	9247
1298	8941	9616	9240	9250
1298.5	8942	9621	9242	9252
1299	8945	9624	9244	9255
1299.5	8948	9627	9247	9257
1300	8949	9630	9249	9260
